'random seed 1023'
{'V_Z': 'simple',
 'd': 0.2,
 'eta': 0.3,
 'numDataSnps': 100,
 'numGrmSnps': 100,
 'numSubjects': 120,
 'numTraits': 200,
 'pedigreeMult': 0.1,
 'seed': 1023,
 'snpParm': 'geneDrop',
 'traitCorrRho': 1,
 'traitCorrSource': 'empirical'}
'scoreTestScore : 0.25806864102681476 min'
'genScoreTestRef : 2.3730362653732295 min'
'genScoreTestRef : 3.043810526529948e-06 min'
'diagnostics/scoreTest-Y 29 pvals out of bounds'
'storeyQScore : 0.013439754645029703 min'
'genStoreyQRef : 0.14095905224482216 min'
'monteCarloStoreyQPval : 2.968311309814453e-06 min'
'diagnostics/storeyQ-Y 0 pvals out of bounds'
