'random seed 1023'
{'V_Z': 'simple',
 'd': 0.2,
 'eta': 0.3,
 'numDataSnps': 100,
 'numGrmSnps': 100,
 'numSubjects': 120,
 'numTraits': 200,
 'pedigreeMult': 0.1,
 'seed': 1023,
 'snpParm': 'geneDrop',
 'traitCorrRho': 1,
 'traitCorrSource': 'empirical'}
'scoreTestScore : 100 snps 0.087615966796875 min/snp'
'scoreTestScore : 10 snps 0.07707599798838298 min/snp'
'scoreTestScore : 10 snps 0.0772619644800822 min/snp'
'scoreTestScore : 10 snps 0.07393018404642741 min/snp'
'scoreTestScore : 10 snps 0.07287474473317464 min/snp'
'scoreTestScore : 10 snps 0.07616730531056722 min/snp'
'scoreTestScore : 10 snps 0.07382595539093018 min/snp'
'scoreTestScore : 10 snps 0.07350170612335205 min/snp'
'scoreTestScore : 10 snps 0.07361296812693278 min/snp'
'scoreTestScore : 10 snps 0.0759734312693278 min/snp'
'scoreTestScore : 10 snps 0.077017347017924 min/snp'
'genScoreTestRef : 0.07659379243850709 min'
'monteCarloScoreTestPval : 1.7233689626057942e-05 min'
'diagnostics/scoreTest-Y 95 pvals out of bounds'
'storeyQScore : 100 snps 0.00544592539469401 min/snp'
'storeyQScore : 10 snps 0.004321503639221192 min/snp'
'storeyQScore : 10 snps 0.005817310015360514 min/snp'
'storeyQScore : 10 snps 0.004832621415456136 min/snp'
'storeyQScore : 10 snps 0.004364653428395589 min/snp'
'storeyQScore : 10 snps 0.005086684226989746 min/snp'
'storeyQScore : 10 snps 0.004733463128407796 min/snp'
'storeyQScore : 10 snps 0.006679125626881917 min/snp'
'storeyQScore : 10 snps 0.004787413279215494 min/snp'
'storeyQScore : 10 snps 0.004505860805511475 min/snp'
'storeyQScore : 10 snps 0.004426709810892741 min/snp'
'genStoreyQRef : 0.05137354532877604 min'
'monteCarloStoreyQPval : 1.5926361083984374e-05 min'
'diagnostics/storeyQ-Y 0 pvals out of bounds'
