'random seed 1023'
{'V_Z': 'simple',
 'd': 0.2,
 'eta': 0.3,
 'numDataSnps': 100,
 'numGrmSnps': 100,
 'numSubjects': 120,
 'numTraits': 20,
 'pedigreeMult': 0.1,
 'seed': 1023,
 'snpParm': 'geneDrop',
 'traitCorrRho': 1,
 'traitCorrSource': 'empirical'}
'runLimix reml Count [1.]'
'limix : 100 snps, 20 traits, 0.03570045232772827 min'
'preCompute : 0.1415567398071289 min'
'score : 3 snps, 0.0018636332617865668 min/snp'
'genRef : 0.054786527156829835 min'
'monteCarlo : 1.4901161193847656e-05 min'
'diagnostics/ellMC-Y 0 pvals out of bounds'
'markov : 3 snps, 0.003571601708730062 min/snp'
'diagnostics/ellMarkov-Y 0 pvals out of bounds'
'GBJ : 3 snps, 0.01038672129313151 min/snp'
'diagnostics/gbj 0 pvals out of bounds'
