'random seed 5754'
{'V_Z': 'simple',
 'd': 0.2,
 'eta': 0.3,
 'numCores': 1,
 'numDataSnps': 3,
 'numGrmSnps': 500,
 'numSubjects': 120,
 'numTraits': 80,
 'pedigreeMult': 0.1,
 'seed': 5754,
 'snpParm': 'geneDrop',
 'traitCorrRho': 0.2,
 'traitCorrSource': 'exchangeable'}
'runLimix reml Count [4.]'
'limix : 0.009407875935236613 secs/snp/trait'
'gen zRef : 0.0006555851797262828 min/trait'
'preCompute : 0.006519317626953125 min/trait'
'preScore : 0.13171792030334473 secs/snp'
'preScore : 1.3213146924972535e-05 secs/snp'
'monteCarlo : 0.0010550618171691895 min'
'diagnostics/ellMC-Y 0 pvals out of bounds'
