'random seed 76261'
{'calD': 0.2,
 'eps': 1e-10,
 'eta': 0.3,
 'fit': ['loadH0', 'loadH1', 'fitPsi'],
 'maxRefReps': 100,
 'methodNames': ['score'],
 'minEta': 1e-10,
 'mu': 5,
 'n_assoc': [10],
 'numCores': 16,
 'numH0Snps': 100,
 'numH1Snps': 100,
 'numKSnps': 100,
 'numLam': 5000.0,
 'numSubjects': 300,
 'numTraits': 300,
 'pedigreeMult': 0.1,
 'refReps': 1000,
 'rho': 1,
 'seed': None,
 'snpParm': 'geneDrop'}
'psi : 6.2594865719477335 min'
'genRef-score : 1.3718689600626626 min'
'mc score score : H0 dataset 0.13717950185139974 min'
'mc pval score : H0 dataset 3.159046173095703e-06 min'
'mc score score : H10 dataset 0.13713289896647135 min'
'mc pval score : H10 dataset 3.850460052490234e-06 min'
