'random seed 1023'
{'V_Z': 'simple',
 'd': 0.2,
 'eta': 0.3,
 'numDataSnps': 100,
 'numGrmSnps': 100,
 'numSubjects': 120,
 'numTraits': 200,
 'pedigreeMult': 0.1,
 'seed': 1023,
 'snpParm': 'geneDrop',
 'traitCorrRho': 1,
 'traitCorrSource': 'empirical'}
'storeyQScore : 100 snps 0.004954242706298828 min/snp'
'storeyQScore : 10 snps 0.004283312956492106 min/snp'
'storeyQScore : 10 snps 0.004236010710398356 min/snp'
'storeyQScore : 10 snps 0.0050572554270426435 min/snp'
'storeyQScore : 10 snps 0.0047670523325602215 min/snp'
'storeyQScore : 10 snps 0.004225381215413411 min/snp'
'storeyQScore : 10 snps 0.005100925763448079 min/snp'
'storeyQScore : 10 snps 0.0046696305274963375 min/snp'
'storeyQScore : 10 snps 0.004312702020009359 min/snp'
'storeyQScore : 10 snps 0.004280388355255127 min/snp'
'storeyQScore : 10 snps 0.004991845289866129 min/snp'
'genStoreyQRef : 0.04722053607304891 min'
'monteCarloStoreyQPval : 1.1968612670898438e-05 min'
'diagnostics/storeyQ-Y 95 pvals out of bounds'
