'random seed 323'
{'calD': 0.2,
 'eta': 0.3,
 'maxEta': 0.8,
 'minEta': 0,
 'numH0Snps': 10000,
 'numH1Snps': 1000,
 'numKSnps': 10000,
 'numSubjects': 1200,
 'numTraits': 1200,
 'pedigreeMult': 0.1,
 'rho': 1,
 'seed': 323,
 'snpParm': 'geneDrop'}
'preCompute : 0.24693160851796467 min'
'mc score-ell : 0.06494563420613607 min'
'mc genRef-ell : 7.858558376630147 min'
'mc pval-ell : 0.0027477025985717775 min'
'ell-H0 4557 pvals out of bounds'
