'random seed 1023'
{'V_Z': 'simple',
 'd': 0.2,
 'eta': 0.3,
 'numDataSnps': 100,
 'numGrmSnps': 100,
 'numSubjects': 120,
 'numTraits': 200,
 'pedigreeMult': 0.1,
 'seed': 1023,
 'snpParm': 'geneDrop',
 'traitCorrRho': 1,
 'traitCorrSource': 'empirical'}
'scoreTestScore : 100 snps 0.08315654595692952 min/snp'
'scoreTestScore : 10 snps 0.07470436890920003 min/snp'
'scoreTestScore : 10 snps 0.07407740751902263 min/snp'
'scoreTestScore : 10 snps 0.07288157939910889 min/snp'
'scoreTestScore : 10 snps 0.07532934347788493 min/snp'
'scoreTestScore : 10 snps 0.07794797420501709 min/snp'
'scoreTestScore : 10 snps 0.07394460837046306 min/snp'
'scoreTestScore : 10 snps 0.07391782601674397 min/snp'
'scoreTestScore : 10 snps 0.07808927694956462 min/snp'
'scoreTestScore : 10 snps 0.07991151014963786 min/snp'
'scoreTestScore : 10 snps 0.07874441146850586 min/snp'
'genScoreTestRef : 0.07751487096150717 min'
'monteCarloScoreTestPval : 7.971127827962239e-06 min'
'diagnostics/scoreTest-Y 29 pvals out of bounds'
'storeyQScore : 100 snps 0.0051967461903889975 min/snp'
'storeyQScore : 10 snps 0.004428088665008545 min/snp'
'storeyQScore : 10 snps 0.004444650808970134 min/snp'
'storeyQScore : 10 snps 0.004423503081003825 min/snp'
'storeyQScore : 10 snps 0.004511833190917969 min/snp'
'storeyQScore : 10 snps 0.004457684357961019 min/snp'
'storeyQScore : 10 snps 0.004477683703104655 min/snp'
'storeyQScore : 10 snps 0.004423395792643229 min/snp'
'storeyQScore : 10 snps 0.0046030084292093916 min/snp'
'storeyQScore : 10 snps 0.0044406374295552576 min/snp'
'storeyQScore : 10 snps 0.004460434118906657 min/snp'
'genStoreyQRef : 0.046796011924743655 min'
'monteCarloStoreyQPval : 1.6391277313232422e-05 min'
'diagnostics/storeyQ-Y 0 pvals out of bounds'
