'random seed 851760'
{'V_Z': 'simple',
 'd': 0.2,
 'eta': 0.3,
 'numDataSnps': 1000,
 'numGrmSnps': 10000,
 'numSubjects': 1200,
 'numTraits': 20,
 'pedigreeMult': 0.1,
 'seed': None,
 'snpParm': 'geneDrop',
 'traitCorrRho': 0.2,
 'traitCorrSource': 'exchangeable'}
'runLimix reml Count [1.]'
'limix : 1000 snps, 20 traits, 0.13245904048283894 min'
'preCompute : 0.15318695306777955 min'
'score : 3 snps, 0.0017658816443549261 min/snp'
'genRef : 0.05160719553629557 min'
'monteCarlo : 1.5894571940104168e-05 min'
'diagnostics/ellMC-Y 0 pvals out of bounds'
'markov : 3 snps, 0.0024793359968397354 min/snp'
'diagnostics/ellMarkov-Y 0 pvals out of bounds'
'GBJ : 3 snps, 0.00543345742755466 min/snp'
'diagnostics/gbj 0 pvals out of bounds'
'GHC : 3 snps, 0.005899073017968072 min/snp'
'diagnostics/ghc 0 pvals out of bounds'
