'random seed 5754'
{'V_Z': 'simple',
 'd': 0.2,
 'eta': 0.3,
 'numDataSnps': 3,
 'numGrmSnps': 300,
 'numSubjects': 200,
 'numTraits': 50,
 'pedigreeMult': 0.1,
 'seed': 5754,
 'snpParm': 'geneDrop',
 'traitCorrRho': 0.2,
 'traitCorrSource': 'exchangeable'}
'runLimix reml Count [1.]'
'limix : 0.010303266843159993 secs/snp/trait'
'preCompute : 0.006540497461954752 min/trait'
'preScore : 0.1021576722462972 secs/snp'
'preScore : 0.027720141410827636 secs/snp'
'preScore : 0.026647281646728516 secs/snp'
'preScore : 0.03043076992034912 secs/snp'
'preScore : 0.027066826820373535 secs/snp'
'preScore : 0.03072364330291748 secs/snp'
'preScore : 0.02864029407501221 secs/snp'
'preScore : 0.03086433410644531 secs/snp'
'preScore : 0.032681059837341306 secs/snp'
'preScore : 0.0295133113861084 secs/snp'
'preScore : 0.02995929718017578 secs/snp'
'genMonteCarlo : 0.049344499905904136 min'
'monteCarlo : 1.462697982788086e-05 min'
'diagnostics/ellMC-Y 0 pvals out of bounds'
'markov : 0.10454853375752766 secs/snp'
'diagnostics/ellMarkov-Y 0 pvals out of bounds'
'GBJ : 0.006980303923288981 min/snp'
'diagnostics/gbj 0 pvals out of bounds'
'GHC : 0.010557997226715087 min/snp'
'diagnostics/ghc 0 pvals out of bounds'
