'random seed 1023'
{'V_Z': 'simple',
 'd': 0.2,
 'eta': 0.3,
 'numDataSnps': 10000,
 'numGrmSnps': 10000,
 'numSubjects': 1200,
 'numTraits': 2000,
 'pedigreeMult': 0.1,
 'seed': 1023,
 'snpParm': 'geneDrop',
 'traitCorrRho': 1,
 'traitCorrSource': 'empirical'}
'runLimix reml Count [1.]'
'limix : 10000 snps, 2000 traits, 20.938636938730877 min'
'preCompute : 17.04783039490382 min'
'score : 3 snps, 0.0027769909964667425 min/snp'
'genRef : 0.07413713534673055 min'
'monteCarlo : 1.2795130411783854e-05 min'
'diagnostics/ellMC-Y 0 pvals out of bounds'
'markov : 3 snps, 0.11248105896843805 min/snp'
'diagnostics/ellMarkov-Y 0 pvals out of bounds'
'GBJ : 3 snps, 698.6165704223845 min/snp'
'diagnostics/gbj 0 pvals out of bounds'
