'random seed 5754'
{'V_Z': 'simple',
 'd': 0.2,
 'eta': 0.3,
 'numDataSnps': 3,
 'numGrmSnps': 10000,
 'numSubjects': 1200,
 'numTraits': 8000,
 'pedigreeMult': 0.1,
 'seed': 5754,
 'snpParm': 'geneDrop',
 'traitCorrRho': 0.2,
 'traitCorrSource': 'exchangeable'}
'runLimix reml Count [1.]'
'limix : 0.012815747529268265 secs/snp/trait'
'preCompute : 0.015070229073862235 min/trait'
'preScore : 0.25417232513427734 secs/snp'
'genRef : 0.14657923380533855 min'
'monteCarlo : 1.1761983235677084e-05 min'
'diagnostics/ellMC-Y 0 pvals out of bounds'
'markov : 374.6073702176412 secs/snp'
'diagnostics/ellMarkov-Y 0 pvals out of bounds'
'GBJ : 0.9832018189960056 min/snp'
'diagnostics/gbj 23765 pvals out of bounds'
'GHC : 0.980246963765886 min/snp'
'diagnostics/ghc 23765 pvals out of bounds'
